ReqPerSec	OKPerSec	NotFoundPerSec	ErrorPerSec	OtherPerSec	ResponseThroughPutBytes
0		0		0		0		0		0
0		0		0		0		0		0
0		0		0		0		0		0
0		0		0		0		0		0
0		0		0		0		0		0
0		0		0		0		0		0
0		0		0		0		0		0
0		0		0		0		0		0
0		0		0		0		0		0
0		0		0		0		0		0
0		0		0		0		0		0
0		0		0		0		0		0
0		0		0		0		0		0
0		0		0		0		0		0
0		0		0		0		0		0
0		0		0		0		0		0
0		0		0		0		0		0
0		0		0		0		0		0
0		0		0		0		0		0
0		0		0		0		0		0
0		0		0		0		0		0
0		0		0		0		0		0
0		0		0		0		0		0
0		0		0		0		0		0
0		0		0		0		0		0
0		0		0		0		0		0
0		0		0		0		0		0
0		0		0		0		0		0
0		0		0		0		0		0
0		0		0		0		0		0
0		0		0		0		0		0
0		0		0		0		0		0
0		0		0		0		0		0
0		0		0		0		0		0
0		0		0		0		0		0
0		0		0		0		0		0
0		0		0		0		0		0
0		0		0		0		0		0
0		0		0		0		0		0
0		0		0		0		0		0
