10993568
10993568
10993088
10993712
10993868
10993316
10993184
10994032
10993720
10994324
10994924
10993828
10994632
10994640
10994896
10995624
10995372
10995396
10995436
10995196
10995372
10994640
10995160
10995428
10995916
10995948
10995608
10995612
10995132
10996412
10996420
10995868
10995440
10995748
10995812
10995624
10994740
10994732
10994740
10993592
10993324
10992412
10993684
10993416
10993232
10993164
10992668
10992364
10992296
10992404
10992272
10993660
10993660
10994164
10993912
10993412
10993864
10993568
10993712
10993548
10993548
10993716
10993116
10993336
10993700
10993692
10993700
10993732
10993320
10994180
10993936
10993112
10993920
10993636
10993176
10993432
10992752
10992220
10993652
10993888
10993424
10993772
10993952
10993676
10993912
10993928
10995708
10995672
10996912
10996316
10995812
10996012
10996488
10995732
10996024
10996756
10996952
10997196
10997212
10997504
10997228
10996764
10997008
10996984
10996968
10996548
10996992
10997220
10997260
10996748
10996748
10996488
10997244
10997248
10996740
10997740
10996240
10997228
10996724
10996748
10996312
10996180
10996740
10996104
10996340
10996392
10996292
10996128
10995416
10996660
10996464
10996608
10996576
10995876
10996440
10995968
10996660
10995936
10995636
10996440
10996592
10996440
10996920
10996460
10995584
10995084
10996252
10996316
10996144
10996464
10996164
10995504
10996440
10995852
10995672
10996196
10995928
10995868
10995624
10995952
10995936
10995652
10993872
10993620
10994912
10994944
10994952
10994976
10994904
10994668
10994716
10994772
10995668
10995220
10995188
10995212
10995480
10994944
10994884
10994960
10995456
10995172
10994692
10994968
10995488
10995160
10994516
10995228
10994228
10995016
10995448
10995472
10995480
10994672
10994672
10995476
10996220
10996196
10995772
10996412
10995908
10995748
10995676
10995364
10995428
10995744
10994784
10995136
10995152
10995168
10995112
10995176
10994368
10995176
10994596
10994404
10994956
10994876
10995044
10995104
10994876
10995140
10994896
10995152
10994996
10994744
10995140
10994912
10994400
10994648
10994484
10994908
10994712
10994420
10994808
10994588
10994708
10994404
10994484
10994452
10993908
10993700
10994080
10994640
10994428
10994712
10994452
10994124
10994116
10994428
10993480
10995208
10994956
10995216
10994144
10994964
10994908
10994420
10994876
10994924
10994420
10994924
10994460
10994688
10994980
10995132
10993580
10994264
10993940
10993948
10993352
10993964
10993420
10994468
10993200
10993988
10994184
10994428
10993148
10993680
10993992
10993700
10993692
10993756
10994260
10993912
10993388
10993224
10993692
10994220
10993668
10993836
10994480
10993952
10993684
10993992
10994472
10994432
10993380
10993992
10994244
10994180
