1318792
1318776
1318760
1318792
1318760
1318760
1318776
1318776
1318760
1318760
1318744
1318760
1318760
1318744
1318776
1318744
1318776
1318728
1318776
1318792
1318744
1318760
1318760
1318792
1318744
1318760
1318792
1318776
1318776
1318728
1318776
1318760
1318776
1318744
1318760
1318744
1318760
1318776
1318776
1318808
1318792
1318792
1318776
1318776
1318776
1318776
1318776
1318776
1318792
1318792
1318792
1318792
1318776
1318776
1318776
1318776
1318776
1318776
1318776
1318776
1318824
1318792
1318776
1318776
1318776
1318776
1318776
1318792
1318792
1318792
1318776
1318776
1318776
1318776
1318776
1318776
1318776
1318808
1318776
1318776
1318808
1318760
1318808
1318760
1318776
1318776
1318776
1318792
1318792
1318776
1318824
1318792
1318776
1318776
1318776
1318808
1318792
1318776
1318776
1318824
1318792
1318776
1318776
1318792
1318792
1318776
1318760
1318776
1318776
1318760
1318776
1318760
1318792
1318792
1318808
1318776
1318792
1318824
1318776
1318776
1318760
1318824
1318792
1318840
1318792
1318808
1318792
1318808
1318792
1318792
1318792
1318808
1318808
1318808
1318792
1318792
1318792
1318808
1318776
1318760
1318792
1318776
1318824
1318792
1318808
1318808
1318808
1318792
1318808
1318808
1318808
1318792
1318792
1318840
1318824
1318824
1318808
1318776
1318792
1318792
1318808
1318776
1318792
1318776
1318792
1318776
1318808
1318792
1318792
1318792
1318792
1318792
1318776
1318824
1318792
1318776
1318776
1318792
1318792
1318776
1318776
1318776
1318792
1318792
1318792
1318792
1318776
1318824
1318792
1318776
1318776
1318776
1318808
1318776
1318760
1318808
1318776
1318776
1318776
1318808
1318792
1318776
1318808
1318792
1318776
1318792
1318792
1318776
1318744
1318808
1318776
1318824
1318792
1318792
1318808
1318808
1318776
1318776
1318760
1318760
1318760
1318808
1318760
1318808
1318760
1318808
1318776
1318808
1318776
1318792
1318776
1318776
1318792
1318792
1318776
1318792
1318792
1318792
1318808
1318808
1318776
1318808
1318776
1318776
1318760
1318760
1318808
1318776
1318808
1318776
1318808
1318792
1318776
1318776
1318808
1318776
1318776
1318792
1318776
1318728
1318776
1318792
1318776
1318760
1318776
1318760
1318776
1318744
1318792
1318776
1318776
1318776
1318760
1318760
1318760
1318760
1318760
1318808
1318776
1318776
1318792
1318760
1318776
1318760
1318760
1318776
1318760
1318808
1318760
1318792
1318776
1318792
1318776
